(kicad_pcb (version 20171130) (host pcbnew "(5.1.4-0-10_14)")

  (general
    (thickness 1.6)
    (drawings 12)
    (tracks 156)
    (zones 0)
    (modules 25)
    (nets 22)
  )

  (page A4)
  (layers
    (0 F.Cu signal)
    (31 B.Cu signal)
    (32 B.Adhes user)
    (33 F.Adhes user)
    (34 B.Paste user)
    (35 F.Paste user)
    (36 B.SilkS user)
    (37 F.SilkS user)
    (38 B.Mask user hide)
    (39 F.Mask user)
    (40 Dwgs.User user hide)
    (41 Cmts.User user hide)
    (42 Eco1.User user hide)
    (43 Eco2.User user hide)
    (44 Edge.Cuts user)
    (45 Margin user)
    (46 B.CrtYd user)
    (47 F.CrtYd user)
    (48 B.Fab user hide)
    (49 F.Fab user hide)
  )

  (setup
    (last_trace_width 0.508)
    (trace_clearance 0.254)
    (zone_clearance 0.508)
    (zone_45_only no)
    (trace_min 0.2)
    (via_size 1.5)
    (via_drill 0.6)
    (via_min_size 0.6)
    (via_min_drill 0.3)
    (uvia_size 0.3)
    (uvia_drill 0.1)
    (uvias_allowed no)
    (uvia_min_size 0.2)
    (uvia_min_drill 0.1)
    (edge_width 0.15)
    (segment_width 0.2)
    (pcb_text_width 0.3)
    (pcb_text_size 1.5 1.5)
    (mod_edge_width 0.15)
    (mod_text_size 1 1)
    (mod_text_width 0.15)
    (pad_size 3.1 1.6)
    (pad_drill 0)
    (pad_to_mask_clearance 0.2)
    (aux_axis_origin 0 0)
    (visible_elements FFFFFF7F)
    (pcbplotparams
      (layerselection 0x010fc_ffffffff)
      (usegerberextensions false)
      (usegerberattributes false)
      (usegerberadvancedattributes false)
      (creategerberjobfile false)
      (excludeedgelayer true)
      (linewidth 0.100000)
      (plotframeref false)
      (viasonmask false)
      (mode 1)
      (useauxorigin false)
      (hpglpennumber 1)
      (hpglpenspeed 20)
      (hpglpendiameter 15.000000)
      (psnegative false)
      (psa4output false)
      (plotreference true)
      (plotvalue false)
      (plotinvisibletext false)
      (padsonsilk false)
      (subtractmaskfromsilk false)
      (outputformat 1)
      (mirror false)
      (drillshape 0)
      (scaleselection 1)
      (outputdirectory "Gerbers/"))
  )

  (net 0 "")
  (net 1 AC)
  (net 2 Earth)
  (net 3 +3V3)
  (net 4 NEUT)
  (net 5 /12VDC)
  (net 6 "Net-(Q1-Pad1)")
  (net 7 "Net-(R1-Pad2)")
  (net 8 "Net-(C1-Pad2)")
  (net 9 "Net-(C2-Pad1)")
  (net 10 "Net-(D1-Pad1)")
  (net 11 "Net-(D1-Pad4)")
  (net 12 "Net-(Q2-Pad3)")
  (net 13 "Net-(R3-Pad2)")
  (net 14 "Net-(R4-Pad2)")
  (net 15 "Net-(R5-Pad2)")
  (net 16 "Net-(R6-Pad1)")
  (net 17 "Net-(R5-Pad1)")
  (net 18 "Net-(R8-Pad2)")
  (net 19 "Net-(J1-Pad3)")
  (net 20 "Net-(C6-Pad2)")
  (net 21 "Net-(C6-Pad1)")

  (net_class Default "This is the default net class."
    (clearance 0.254)
    (trace_width 0.508)
    (via_dia 1.5)
    (via_drill 0.6)
    (uvia_dia 0.3)
    (uvia_drill 0.1)
    (add_net +3V3)
    (add_net /12VDC)
    (add_net Earth)
    (add_net "Net-(C1-Pad2)")
    (add_net "Net-(C2-Pad1)")
    (add_net "Net-(C6-Pad1)")
    (add_net "Net-(C6-Pad2)")
    (add_net "Net-(Q1-Pad1)")
    (add_net "Net-(R5-Pad1)")
    (add_net "Net-(R5-Pad2)")
    (add_net "Net-(R6-Pad1)")
  )

  (net_class AC230V ""
    (clearance 0.508)
    (trace_width 1.5)
    (via_dia 2)
    (via_drill 1.5)
    (uvia_dia 0.3)
    (uvia_drill 0.1)
    (add_net AC)
    (add_net "Net-(D1-Pad1)")
    (add_net "Net-(D1-Pad4)")
    (add_net "Net-(R1-Pad2)")
    (add_net "Net-(R3-Pad2)")
  )

  (net_class AC230V_HIGH_POWER ""
    (clearance 1)
    (trace_width 12)
    (via_dia 4)
    (via_drill 1.5)
    (uvia_dia 0.3)
    (uvia_drill 0.1)
    (add_net NEUT)
    (add_net "Net-(J1-Pad3)")
  )

  (net_class AC230V_LOW_POWER ""
    (clearance 0.508)
    (trace_width 0.7)
    (via_dia 1.5)
    (via_drill 0.6)
    (uvia_dia 0.3)
    (uvia_drill 0.1)
    (add_net "Net-(Q2-Pad3)")
    (add_net "Net-(R4-Pad2)")
    (add_net "Net-(R8-Pad2)")
  )

  (module smart-plug:Thingler-esp32-vertical (layer F.Cu) (tedit 60715D2F) (tstamp 60B76AF3)
    (at 194.6 101.5 180)
    (path /5F2FB7DF)
    (fp_text reference U1 (at -2.286 1.524 270) (layer F.SilkS) hide
      (effects (font (size 1 1) (thickness 0.15)))
    )
    (fp_text value THINGLER-ESP32-PICO (at -4.826 8.636 90) (layer F.Fab)
      (effects (font (size 1 1) (thickness 0.15)))
    )
    (fp_line (start -0.006 -1.916) (end 1.244 -1.916) (layer F.SilkS) (width 0.15))
    (fp_line (start 1.244 -1.916) (end 1.244 19.584) (layer F.SilkS) (width 0.15))
    (fp_line (start 1.244 19.584) (end -3.756 19.584) (layer F.SilkS) (width 0.15))
    (fp_line (start -3.756 19.584) (end -3.756 -1.916) (layer F.SilkS) (width 0.15))
    (fp_line (start -3.756 -1.916) (end -0.006 -1.916) (layer F.SilkS) (width 0.15))
    (pad 4 thru_hole circle (at -0.041 7.619 180) (size 1.524 1.524) (drill 0.8) (layers *.Cu *.Mask))
    (pad 6 thru_hole circle (at -0.041 12.699 180) (size 1.524 1.524) (drill 0.8) (layers *.Cu *.Mask))
    (pad 1 thru_hole circle (at -0.041 -0.001 180) (size 1.524 1.524) (drill 0.8) (layers *.Cu *.Mask)
      (net 3 +3V3))
    (pad 3 thru_hole circle (at -0.041 5.079 180) (size 1.524 1.524) (drill 0.8) (layers *.Cu *.Mask))
    (pad 5 thru_hole circle (at -0.041 10.159 180) (size 1.524 1.524) (drill 0.8) (layers *.Cu *.Mask))
    (pad 2 thru_hole circle (at -0.041 2.539 180) (size 1.524 1.524) (drill 0.8) (layers *.Cu *.Mask)
      (net 2 Earth))
    (pad 8 thru_hole circle (at -0.041 17.779 180) (size 1.524 1.524) (drill 0.8) (layers *.Cu *.Mask))
    (pad 7 thru_hole circle (at -0.041 15.239 180) (size 1.524 1.524) (drill 0.8) (layers *.Cu *.Mask)
      (net 15 "Net-(R5-Pad2)"))
  )

  (module smart-plug:ABS10A (layer F.Cu) (tedit 5E0E1A9F) (tstamp 6071BFF8)
    (at 179.75 80.75 90)
    (path /5E1784CC)
    (fp_text reference D1 (at 0 4.6 90) (layer F.SilkS) hide
      (effects (font (size 1 1) (thickness 0.15)))
    )
    (fp_text value ABS10A (at 0 -4.5 90) (layer F.Fab)
      (effects (font (size 1 1) (thickness 0.15)))
    )
    (fp_line (start -2.7 3.7) (end 2.7 3.7) (layer F.CrtYd) (width 0.05))
    (fp_line (start 2.7 3.7) (end 2.7 -3.7) (layer F.CrtYd) (width 0.05))
    (fp_line (start 2.7 -3.7) (end -2.7 -3.7) (layer F.CrtYd) (width 0.05))
    (fp_line (start -2.6 3.6) (end 2.6 3.6) (layer F.SilkS) (width 0.12))
    (fp_line (start -2.7 -3.7) (end -2.7 3.7) (layer F.CrtYd) (width 0.05))
    (fp_line (start 2.6 3.6) (end 2.6 -3.6) (layer F.SilkS) (width 0.12))
    (fp_line (start -2.6 -3.6) (end -2.6 3.6) (layer F.SilkS) (width 0.12))
    (fp_line (start 2.6 -3.6) (end -2.6 -3.6) (layer F.SilkS) (width 0.12))
    (pad 1 smd rect (at 2 -2.725 90) (size 1 1.45) (layers F.Cu F.Paste F.Mask)
      (net 10 "Net-(D1-Pad1)"))
    (pad 2 smd rect (at 2 2.725 90) (size 1 1.45) (layers F.Cu F.Paste F.Mask)
      (net 4 NEUT))
    (pad 3 smd rect (at -2 -2.725 90) (size 1 1.45) (layers F.Cu F.Paste F.Mask)
      (net 2 Earth))
    (pad 4 smd rect (at -2 2.725 90) (size 1 1.45) (layers F.Cu F.Paste F.Mask)
      (net 11 "Net-(D1-Pad4)"))
  )

  (module smart-plug:Fuse (layer F.Cu) (tedit 6072DFED) (tstamp 6072E15A)
    (at 172.5 81.5 180)
    (descr "Littelfuse, resettable fuse, PTC, polyswitch LVR100, Ih 1A http://www.littelfuse.com/~/media/electronics/datasheets/resettable_ptcs/littelfuse_ptc_lvr_catalog_datasheet.pdf.pdf")
    (tags "LVR100 PTC resettable polyswitch ")
    (path /5E1784D1)
    (fp_text reference F1 (at 6.5 -3.5) (layer F.SilkS)
      (effects (font (size 1 1) (thickness 0.15)))
    )
    (fp_text value "Fuse 1A" (at 5.5 3.6) (layer F.Fab)
      (effects (font (size 1 1) (thickness 0.15)))
    )
    (fp_text user %R (at 6 0) (layer F.Fab)
      (effects (font (size 1 1) (thickness 0.15)))
    )
    (fp_line (start -1.4 1.55) (end 12.8 1.55) (layer F.Fab) (width 0.1))
    (fp_line (start 12.8 1.55) (end 12.8 -1.6) (layer F.Fab) (width 0.1))
    (fp_line (start 12.8 -1.6) (end -1.4 -1.6) (layer F.Fab) (width 0.1))
    (fp_line (start -1.4 -1.6) (end -1.4 1.55) (layer F.Fab) (width 0.1))
    (fp_line (start -1.7 -1.8) (end 13.1 -1.8) (layer F.CrtYd) (width 0.05))
    (fp_line (start -1.7 -1.8) (end -1.7 1.8) (layer F.CrtYd) (width 0.05))
    (fp_line (start 13.1 1.8) (end 13.1 -1.8) (layer F.CrtYd) (width 0.05))
    (fp_line (start 13.1 1.8) (end -1.7 1.8) (layer F.CrtYd) (width 0.05))
    (fp_line (start -1.5 -1.7) (end 12.9 -1.7) (layer F.SilkS) (width 0.12))
    (fp_line (start -1.5 -1.7) (end -1.5 1.65) (layer F.SilkS) (width 0.12))
    (fp_line (start 12.9 1.65) (end 12.9 -1.7) (layer F.SilkS) (width 0.12))
    (fp_line (start 12.9 1.65) (end -1.5 1.65) (layer F.SilkS) (width 0.12))
    (pad 1 thru_hole circle (at 0 0 180) (size 2 2) (drill 1) (layers *.Cu *.Mask)
      (net 11 "Net-(D1-Pad4)"))
    (pad 2 thru_hole circle (at 11.4 0 180) (size 2 2) (drill 1) (layers *.Cu *.Mask)
      (net 1 AC))
    (model ${KISYS3DMOD}/Fuse.3dshapes/Fuse_Littelfuse-LVR100.wrl
      (at (xyz 0 0 0))
      (scale (xyz 1 1 1))
      (rotate (xyz 0 0 0))
    )
  )

  (module Resistor_SMD:R_1206_3216Metric_Pad1.42x1.75mm_HandSolder (layer F.Cu) (tedit 5B301BBD) (tstamp 6071C072)
    (at 161.75 100)
    (descr "Resistor SMD 1206 (3216 Metric), square (rectangular) end terminal, IPC_7351 nominal with elongated pad for handsoldering. (Body size source: http://www.tortai-tech.com/upload/download/2011102023233369053.pdf), generated with kicad-footprint-generator")
    (tags "resistor handsolder")
    (path /5E465E83)
    (attr smd)
    (fp_text reference R1 (at 0 -1.82) (layer F.SilkS) hide
      (effects (font (size 1 1) (thickness 0.15)))
    )
    (fp_text value 200k (at 0 1.82) (layer F.Fab)
      (effects (font (size 1 1) (thickness 0.15)))
    )
    (fp_text user %R (at 0 0) (layer F.Fab)
      (effects (font (size 0.8 0.8) (thickness 0.12)))
    )
    (fp_line (start 2.45 1.12) (end -2.45 1.12) (layer F.CrtYd) (width 0.05))
    (fp_line (start 2.45 -1.12) (end 2.45 1.12) (layer F.CrtYd) (width 0.05))
    (fp_line (start -2.45 -1.12) (end 2.45 -1.12) (layer F.CrtYd) (width 0.05))
    (fp_line (start -2.45 1.12) (end -2.45 -1.12) (layer F.CrtYd) (width 0.05))
    (fp_line (start -0.602064 0.91) (end 0.602064 0.91) (layer F.SilkS) (width 0.12))
    (fp_line (start -0.602064 -0.91) (end 0.602064 -0.91) (layer F.SilkS) (width 0.12))
    (fp_line (start 1.6 0.8) (end -1.6 0.8) (layer F.Fab) (width 0.1))
    (fp_line (start 1.6 -0.8) (end 1.6 0.8) (layer F.Fab) (width 0.1))
    (fp_line (start -1.6 -0.8) (end 1.6 -0.8) (layer F.Fab) (width 0.1))
    (fp_line (start -1.6 0.8) (end -1.6 -0.8) (layer F.Fab) (width 0.1))
    (pad 2 smd roundrect (at 1.4875 0) (size 1.425 1.75) (layers F.Cu F.Paste F.Mask) (roundrect_rratio 0.175439)
      (net 7 "Net-(R1-Pad2)"))
    (pad 1 smd roundrect (at -1.4875 0) (size 1.425 1.75) (layers F.Cu F.Paste F.Mask) (roundrect_rratio 0.175439)
      (net 10 "Net-(D1-Pad1)"))
    (model ${KISYS3DMOD}/Resistor_SMD.3dshapes/R_1206_3216Metric.wrl
      (at (xyz 0 0 0))
      (scale (xyz 1 1 1))
      (rotate (xyz 0 0 0))
    )
  )

  (module Capacitor_SMD:C_1206_3216Metric_Pad1.42x1.75mm_HandSolder (layer F.Cu) (tedit 5B301BBE) (tstamp 6071BFD7)
    (at 170.5 109.6)
    (descr "Capacitor SMD 1206 (3216 Metric), square (rectangular) end terminal, IPC_7351 nominal with elongated pad for handsoldering. (Body size source: http://www.tortai-tech.com/upload/download/2011102023233369053.pdf), generated with kicad-footprint-generator")
    (tags "capacitor handsolder")
    (path /5E4B016D)
    (attr smd)
    (fp_text reference C6 (at 0 -1.82) (layer F.SilkS) hide
      (effects (font (size 1 1) (thickness 0.15)))
    )
    (fp_text value 100n (at 0 1.82) (layer F.Fab)
      (effects (font (size 1 1) (thickness 0.15)))
    )
    (fp_line (start -1.6 0.8) (end -1.6 -0.8) (layer F.Fab) (width 0.1))
    (fp_line (start -1.6 -0.8) (end 1.6 -0.8) (layer F.Fab) (width 0.1))
    (fp_line (start 1.6 -0.8) (end 1.6 0.8) (layer F.Fab) (width 0.1))
    (fp_line (start 1.6 0.8) (end -1.6 0.8) (layer F.Fab) (width 0.1))
    (fp_line (start -0.602064 -0.91) (end 0.602064 -0.91) (layer F.SilkS) (width 0.12))
    (fp_line (start -0.602064 0.91) (end 0.602064 0.91) (layer F.SilkS) (width 0.12))
    (fp_line (start -2.45 1.12) (end -2.45 -1.12) (layer F.CrtYd) (width 0.05))
    (fp_line (start -2.45 -1.12) (end 2.45 -1.12) (layer F.CrtYd) (width 0.05))
    (fp_line (start 2.45 -1.12) (end 2.45 1.12) (layer F.CrtYd) (width 0.05))
    (fp_line (start 2.45 1.12) (end -2.45 1.12) (layer F.CrtYd) (width 0.05))
    (fp_text user %R (at 0 0) (layer F.Fab)
      (effects (font (size 0.8 0.8) (thickness 0.12)))
    )
    (pad 1 smd roundrect (at -1.4875 0) (size 1.425 1.75) (layers F.Cu F.Paste F.Mask) (roundrect_rratio 0.175439)
      (net 21 "Net-(C6-Pad1)"))
    (pad 2 smd roundrect (at 1.4875 0) (size 1.425 1.75) (layers F.Cu F.Paste F.Mask) (roundrect_rratio 0.175439)
      (net 20 "Net-(C6-Pad2)"))
    (model ${KISYS3DMOD}/Capacitor_SMD.3dshapes/C_1206_3216Metric.wrl
      (at (xyz 0 0 0))
      (scale (xyz 1 1 1))
      (rotate (xyz 0 0 0))
    )
  )

  (module Resistor_SMD:R_1206_3216Metric_Pad1.42x1.75mm_HandSolder (layer F.Cu) (tedit 5B301BBD) (tstamp 60721102)
    (at 170.6 104.1)
    (descr "Resistor SMD 1206 (3216 Metric), square (rectangular) end terminal, IPC_7351 nominal with elongated pad for handsoldering. (Body size source: http://www.tortai-tech.com/upload/download/2011102023233369053.pdf), generated with kicad-footprint-generator")
    (tags "resistor handsolder")
    (path /5E463D6E)
    (attr smd)
    (fp_text reference R4 (at 0 -1.82) (layer F.SilkS) hide
      (effects (font (size 1 1) (thickness 0.15)))
    )
    (fp_text value 510k (at 0 1.82) (layer F.Fab)
      (effects (font (size 1 1) (thickness 0.15)))
    )
    (fp_line (start -1.6 0.8) (end -1.6 -0.8) (layer F.Fab) (width 0.1))
    (fp_line (start -1.6 -0.8) (end 1.6 -0.8) (layer F.Fab) (width 0.1))
    (fp_line (start 1.6 -0.8) (end 1.6 0.8) (layer F.Fab) (width 0.1))
    (fp_line (start 1.6 0.8) (end -1.6 0.8) (layer F.Fab) (width 0.1))
    (fp_line (start -0.602064 -0.91) (end 0.602064 -0.91) (layer F.SilkS) (width 0.12))
    (fp_line (start -0.602064 0.91) (end 0.602064 0.91) (layer F.SilkS) (width 0.12))
    (fp_line (start -2.45 1.12) (end -2.45 -1.12) (layer F.CrtYd) (width 0.05))
    (fp_line (start -2.45 -1.12) (end 2.45 -1.12) (layer F.CrtYd) (width 0.05))
    (fp_line (start 2.45 -1.12) (end 2.45 1.12) (layer F.CrtYd) (width 0.05))
    (fp_line (start 2.45 1.12) (end -2.45 1.12) (layer F.CrtYd) (width 0.05))
    (fp_text user %R (at 0 0) (layer F.Fab)
      (effects (font (size 0.8 0.8) (thickness 0.12)))
    )
    (pad 1 smd roundrect (at -1.4875 0) (size 1.425 1.75) (layers F.Cu F.Paste F.Mask) (roundrect_rratio 0.175439)
      (net 13 "Net-(R3-Pad2)"))
    (pad 2 smd roundrect (at 1.4875 0) (size 1.425 1.75) (layers F.Cu F.Paste F.Mask) (roundrect_rratio 0.175439)
      (net 14 "Net-(R4-Pad2)"))
    (model ${KISYS3DMOD}/Resistor_SMD.3dshapes/R_1206_3216Metric.wrl
      (at (xyz 0 0 0))
      (scale (xyz 1 1 1))
      (rotate (xyz 0 0 0))
    )
  )

  (module Resistor_SMD:R_1206_3216Metric_Pad1.42x1.75mm_HandSolder (layer F.Cu) (tedit 5B301BBD) (tstamp 6071C0E9)
    (at 180.6 103.4 180)
    (descr "Resistor SMD 1206 (3216 Metric), square (rectangular) end terminal, IPC_7351 nominal with elongated pad for handsoldering. (Body size source: http://www.tortai-tech.com/upload/download/2011102023233369053.pdf), generated with kicad-footprint-generator")
    (tags "resistor handsolder")
    (path /5E1784CA)
    (attr smd)
    (fp_text reference R8 (at 0 -1.82) (layer F.SilkS) hide
      (effects (font (size 1 1) (thickness 0.15)))
    )
    (fp_text value 180 (at 0 1.82) (layer F.Fab)
      (effects (font (size 1 1) (thickness 0.15)))
    )
    (fp_text user %R (at 0 0) (layer F.Fab)
      (effects (font (size 0.8 0.8) (thickness 0.12)))
    )
    (fp_line (start 2.45 1.12) (end -2.45 1.12) (layer F.CrtYd) (width 0.05))
    (fp_line (start 2.45 -1.12) (end 2.45 1.12) (layer F.CrtYd) (width 0.05))
    (fp_line (start -2.45 -1.12) (end 2.45 -1.12) (layer F.CrtYd) (width 0.05))
    (fp_line (start -2.45 1.12) (end -2.45 -1.12) (layer F.CrtYd) (width 0.05))
    (fp_line (start -0.602064 0.91) (end 0.602064 0.91) (layer F.SilkS) (width 0.12))
    (fp_line (start -0.602064 -0.91) (end 0.602064 -0.91) (layer F.SilkS) (width 0.12))
    (fp_line (start 1.6 0.8) (end -1.6 0.8) (layer F.Fab) (width 0.1))
    (fp_line (start 1.6 -0.8) (end 1.6 0.8) (layer F.Fab) (width 0.1))
    (fp_line (start -1.6 -0.8) (end 1.6 -0.8) (layer F.Fab) (width 0.1))
    (fp_line (start -1.6 0.8) (end -1.6 -0.8) (layer F.Fab) (width 0.1))
    (pad 2 smd roundrect (at 1.4875 0 180) (size 1.425 1.75) (layers F.Cu F.Paste F.Mask) (roundrect_rratio 0.175439)
      (net 18 "Net-(R8-Pad2)"))
    (pad 1 smd roundrect (at -1.4875 0 180) (size 1.425 1.75) (layers F.Cu F.Paste F.Mask) (roundrect_rratio 0.175439)
      (net 19 "Net-(J1-Pad3)"))
    (model ${KISYS3DMOD}/Resistor_SMD.3dshapes/R_1206_3216Metric.wrl
      (at (xyz 0 0 0))
      (scale (xyz 1 1 1))
      (rotate (xyz 0 0 0))
    )
  )

  (module Resistor_SMD:R_1206_3216Metric_Pad1.42x1.75mm_HandSolder (layer F.Cu) (tedit 5B301BBD) (tstamp 60720735)
    (at 190.2 104.5 90)
    (descr "Resistor SMD 1206 (3216 Metric), square (rectangular) end terminal, IPC_7351 nominal with elongated pad for handsoldering. (Body size source: http://www.tortai-tech.com/upload/download/2011102023233369053.pdf), generated with kicad-footprint-generator")
    (tags "resistor handsolder")
    (path /5BD8CFCC)
    (attr smd)
    (fp_text reference R5 (at 0 -1.82 90) (layer F.SilkS) hide
      (effects (font (size 1 1) (thickness 0.15)))
    )
    (fp_text value 210 (at 0 1.82 90) (layer F.Fab)
      (effects (font (size 1 1) (thickness 0.15)))
    )
    (fp_line (start -1.6 0.8) (end -1.6 -0.8) (layer F.Fab) (width 0.1))
    (fp_line (start -1.6 -0.8) (end 1.6 -0.8) (layer F.Fab) (width 0.1))
    (fp_line (start 1.6 -0.8) (end 1.6 0.8) (layer F.Fab) (width 0.1))
    (fp_line (start 1.6 0.8) (end -1.6 0.8) (layer F.Fab) (width 0.1))
    (fp_line (start -0.602064 -0.91) (end 0.602064 -0.91) (layer F.SilkS) (width 0.12))
    (fp_line (start -0.602064 0.91) (end 0.602064 0.91) (layer F.SilkS) (width 0.12))
    (fp_line (start -2.45 1.12) (end -2.45 -1.12) (layer F.CrtYd) (width 0.05))
    (fp_line (start -2.45 -1.12) (end 2.45 -1.12) (layer F.CrtYd) (width 0.05))
    (fp_line (start 2.45 -1.12) (end 2.45 1.12) (layer F.CrtYd) (width 0.05))
    (fp_line (start 2.45 1.12) (end -2.45 1.12) (layer F.CrtYd) (width 0.05))
    (fp_text user %R (at 0 0 90) (layer F.Fab)
      (effects (font (size 0.8 0.8) (thickness 0.12)))
    )
    (pad 1 smd roundrect (at -1.4875 0 90) (size 1.425 1.75) (layers F.Cu F.Paste F.Mask) (roundrect_rratio 0.175439)
      (net 17 "Net-(R5-Pad1)"))
    (pad 2 smd roundrect (at 1.4875 0 90) (size 1.425 1.75) (layers F.Cu F.Paste F.Mask) (roundrect_rratio 0.175439)
      (net 15 "Net-(R5-Pad2)"))
    (model ${KISYS3DMOD}/Resistor_SMD.3dshapes/R_1206_3216Metric.wrl
      (at (xyz 0 0 0))
      (scale (xyz 1 1 1))
      (rotate (xyz 0 0 0))
    )
  )

  (module Capacitor_SMD:C_1206_3216Metric_Pad1.42x1.75mm_HandSolder (layer F.Cu) (tedit 5B301BBE) (tstamp 6071F38A)
    (at 170 106.8 180)
    (descr "Capacitor SMD 1206 (3216 Metric), square (rectangular) end terminal, IPC_7351 nominal with elongated pad for handsoldering. (Body size source: http://www.tortai-tech.com/upload/download/2011102023233369053.pdf), generated with kicad-footprint-generator")
    (tags "capacitor handsolder")
    (path /5E472111)
    (attr smd)
    (fp_text reference C2 (at 0 -1.82) (layer F.SilkS) hide
      (effects (font (size 1 1) (thickness 0.15)))
    )
    (fp_text value 100n (at 0 1.82) (layer F.Fab)
      (effects (font (size 1 1) (thickness 0.15)))
    )
    (fp_line (start -1.6 0.8) (end -1.6 -0.8) (layer F.Fab) (width 0.1))
    (fp_line (start -1.6 -0.8) (end 1.6 -0.8) (layer F.Fab) (width 0.1))
    (fp_line (start 1.6 -0.8) (end 1.6 0.8) (layer F.Fab) (width 0.1))
    (fp_line (start 1.6 0.8) (end -1.6 0.8) (layer F.Fab) (width 0.1))
    (fp_line (start -0.602064 -0.91) (end 0.602064 -0.91) (layer F.SilkS) (width 0.12))
    (fp_line (start -0.602064 0.91) (end 0.602064 0.91) (layer F.SilkS) (width 0.12))
    (fp_line (start -2.45 1.12) (end -2.45 -1.12) (layer F.CrtYd) (width 0.05))
    (fp_line (start -2.45 -1.12) (end 2.45 -1.12) (layer F.CrtYd) (width 0.05))
    (fp_line (start 2.45 -1.12) (end 2.45 1.12) (layer F.CrtYd) (width 0.05))
    (fp_line (start 2.45 1.12) (end -2.45 1.12) (layer F.CrtYd) (width 0.05))
    (fp_text user %R (at 0 0) (layer F.Fab)
      (effects (font (size 0.8 0.8) (thickness 0.12)))
    )
    (pad 1 smd roundrect (at -1.4875 0 180) (size 1.425 1.75) (layers F.Cu F.Paste F.Mask) (roundrect_rratio 0.175439)
      (net 9 "Net-(C2-Pad1)"))
    (pad 2 smd roundrect (at 1.4875 0 180) (size 1.425 1.75) (layers F.Cu F.Paste F.Mask) (roundrect_rratio 0.175439)
      (net 2 Earth))
    (model ${KISYS3DMOD}/Capacitor_SMD.3dshapes/C_1206_3216Metric.wrl
      (at (xyz 0 0 0))
      (scale (xyz 1 1 1))
      (rotate (xyz 0 0 0))
    )
  )

  (module Capacitor_Tantalum_SMD:CP_EIA-7343-15_Kemet-W (layer F.Cu) (tedit 5B301BBE) (tstamp 6071BFB5)
    (at 171.1 86.1)
    (descr "Tantalum Capacitor SMD Kemet-W (7343-15 Metric), IPC_7351 nominal, (Body size from: http://www.kemet.com/Lists/ProductCatalog/Attachments/253/KEM_TC101_STD.pdf), generated with kicad-footprint-generator")
    (tags "capacitor tantalum")
    (path /5E53D30F)
    (attr smd)
    (fp_text reference C4 (at 0 -0.1) (layer F.SilkS) hide
      (effects (font (size 1 1) (thickness 0.15)))
    )
    (fp_text value 470u (at 0 3.1) (layer F.Fab)
      (effects (font (size 1 1) (thickness 0.15)))
    )
    (fp_line (start 3.65 -2.15) (end -2.65 -2.15) (layer F.Fab) (width 0.1))
    (fp_line (start -2.65 -2.15) (end -3.65 -1.15) (layer F.Fab) (width 0.1))
    (fp_line (start -3.65 -1.15) (end -3.65 2.15) (layer F.Fab) (width 0.1))
    (fp_line (start -3.65 2.15) (end 3.65 2.15) (layer F.Fab) (width 0.1))
    (fp_line (start 3.65 2.15) (end 3.65 -2.15) (layer F.Fab) (width 0.1))
    (fp_line (start 3.65 -2.26) (end -4.41 -2.26) (layer F.SilkS) (width 0.12))
    (fp_line (start -4.41 -2.26) (end -4.41 2.26) (layer F.SilkS) (width 0.12))
    (fp_line (start -4.41 2.26) (end 3.65 2.26) (layer F.SilkS) (width 0.12))
    (fp_line (start -4.4 2.4) (end -4.4 -2.4) (layer F.CrtYd) (width 0.05))
    (fp_line (start -4.4 -2.4) (end 4.4 -2.4) (layer F.CrtYd) (width 0.05))
    (fp_line (start 4.4 -2.4) (end 4.4 2.4) (layer F.CrtYd) (width 0.05))
    (fp_line (start 4.4 2.4) (end -4.4 2.4) (layer F.CrtYd) (width 0.05))
    (fp_text user %R (at 0 0) (layer F.Fab)
      (effects (font (size 1 1) (thickness 0.15)))
    )
    (pad 1 smd roundrect (at -3.1125 0) (size 2.075 2.55) (layers F.Cu F.Paste F.Mask) (roundrect_rratio 0.120482)
      (net 5 /12VDC))
    (pad 2 smd roundrect (at 3.1125 0) (size 2.075 2.55) (layers F.Cu F.Paste F.Mask) (roundrect_rratio 0.120482)
      (net 2 Earth))
    (model ${KISYS3DMOD}/Capacitor_Tantalum_SMD.3dshapes/CP_EIA-7343-15_Kemet-W.wrl
      (at (xyz 0 0 0))
      (scale (xyz 1 1 1))
      (rotate (xyz 0 0 0))
    )
  )

  (module Resistor_SMD:R_1206_3216Metric_Pad1.42x1.75mm_HandSolder (layer F.Cu) (tedit 5B301BBD) (tstamp 6071E5FA)
    (at 169.1 94.5 180)
    (descr "Resistor SMD 1206 (3216 Metric), square (rectangular) end terminal, IPC_7351 nominal with elongated pad for handsoldering. (Body size source: http://www.tortai-tech.com/upload/download/2011102023233369053.pdf), generated with kicad-footprint-generator")
    (tags "resistor handsolder")
    (path /5E47DD37)
    (attr smd)
    (fp_text reference R7 (at 0 -1.82) (layer F.SilkS) hide
      (effects (font (size 1 1) (thickness 0.15)))
    )
    (fp_text value 12.4k (at 0 1.82) (layer F.Fab)
      (effects (font (size 1 1) (thickness 0.15)))
    )
    (fp_text user %R (at 0 0) (layer F.Fab)
      (effects (font (size 0.8 0.8) (thickness 0.12)))
    )
    (fp_line (start 2.45 1.12) (end -2.45 1.12) (layer F.CrtYd) (width 0.05))
    (fp_line (start 2.45 -1.12) (end 2.45 1.12) (layer F.CrtYd) (width 0.05))
    (fp_line (start -2.45 -1.12) (end 2.45 -1.12) (layer F.CrtYd) (width 0.05))
    (fp_line (start -2.45 1.12) (end -2.45 -1.12) (layer F.CrtYd) (width 0.05))
    (fp_line (start -0.602064 0.91) (end 0.602064 0.91) (layer F.SilkS) (width 0.12))
    (fp_line (start -0.602064 -0.91) (end 0.602064 -0.91) (layer F.SilkS) (width 0.12))
    (fp_line (start 1.6 0.8) (end -1.6 0.8) (layer F.Fab) (width 0.1))
    (fp_line (start 1.6 -0.8) (end 1.6 0.8) (layer F.Fab) (width 0.1))
    (fp_line (start -1.6 -0.8) (end 1.6 -0.8) (layer F.Fab) (width 0.1))
    (fp_line (start -1.6 0.8) (end -1.6 -0.8) (layer F.Fab) (width 0.1))
    (pad 2 smd roundrect (at 1.4875 0 180) (size 1.425 1.75) (layers F.Cu F.Paste F.Mask) (roundrect_rratio 0.175439)
      (net 16 "Net-(R6-Pad1)"))
    (pad 1 smd roundrect (at -1.4875 0 180) (size 1.425 1.75) (layers F.Cu F.Paste F.Mask) (roundrect_rratio 0.175439)
      (net 2 Earth))
    (model ${KISYS3DMOD}/Resistor_SMD.3dshapes/R_1206_3216Metric.wrl
      (at (xyz 0 0 0))
      (scale (xyz 1 1 1))
      (rotate (xyz 0 0 0))
    )
  )

  (module Capacitor_SMD:C_1206_3216Metric_Pad1.42x1.75mm_HandSolder (layer F.Cu) (tedit 5B301BBE) (tstamp 6071BF80)
    (at 167 98.25 270)
    (descr "Capacitor SMD 1206 (3216 Metric), square (rectangular) end terminal, IPC_7351 nominal with elongated pad for handsoldering. (Body size source: http://www.tortai-tech.com/upload/download/2011102023233369053.pdf), generated with kicad-footprint-generator")
    (tags "capacitor handsolder")
    (path /5E467735)
    (attr smd)
    (fp_text reference C1 (at 0 -1.82 90) (layer F.SilkS) hide
      (effects (font (size 1 1) (thickness 0.15)))
    )
    (fp_text value 100n (at 0 1.82 90) (layer F.Fab)
      (effects (font (size 1 1) (thickness 0.15)))
    )
    (fp_line (start -1.6 0.8) (end -1.6 -0.8) (layer F.Fab) (width 0.1))
    (fp_line (start -1.6 -0.8) (end 1.6 -0.8) (layer F.Fab) (width 0.1))
    (fp_line (start 1.6 -0.8) (end 1.6 0.8) (layer F.Fab) (width 0.1))
    (fp_line (start 1.6 0.8) (end -1.6 0.8) (layer F.Fab) (width 0.1))
    (fp_line (start -0.602064 -0.91) (end 0.602064 -0.91) (layer F.SilkS) (width 0.12))
    (fp_line (start -0.602064 0.91) (end 0.602064 0.91) (layer F.SilkS) (width 0.12))
    (fp_line (start -2.45 1.12) (end -2.45 -1.12) (layer F.CrtYd) (width 0.05))
    (fp_line (start -2.45 -1.12) (end 2.45 -1.12) (layer F.CrtYd) (width 0.05))
    (fp_line (start 2.45 -1.12) (end 2.45 1.12) (layer F.CrtYd) (width 0.05))
    (fp_line (start 2.45 1.12) (end -2.45 1.12) (layer F.CrtYd) (width 0.05))
    (fp_text user %R (at 0 0 90) (layer F.Fab)
      (effects (font (size 0.8 0.8) (thickness 0.12)))
    )
    (pad 1 smd roundrect (at -1.4875 0 270) (size 1.425 1.75) (layers F.Cu F.Paste F.Mask) (roundrect_rratio 0.175439)
      (net 5 /12VDC))
    (pad 2 smd roundrect (at 1.4875 0 270) (size 1.425 1.75) (layers F.Cu F.Paste F.Mask) (roundrect_rratio 0.175439)
      (net 8 "Net-(C1-Pad2)"))
    (model ${KISYS3DMOD}/Capacitor_SMD.3dshapes/C_1206_3216Metric.wrl
      (at (xyz 0 0 0))
      (scale (xyz 1 1 1))
      (rotate (xyz 0 0 0))
    )
  )

  (module Capacitor_SMD:C_1206_3216Metric_Pad1.42x1.75mm_HandSolder (layer F.Cu) (tedit 5B301BBE) (tstamp 6071BFA2)
    (at 169.1 89.7 180)
    (descr "Capacitor SMD 1206 (3216 Metric), square (rectangular) end terminal, IPC_7351 nominal with elongated pad for handsoldering. (Body size source: http://www.tortai-tech.com/upload/download/2011102023233369053.pdf), generated with kicad-footprint-generator")
    (tags "capacitor handsolder")
    (path /5E47510B)
    (attr smd)
    (fp_text reference C3 (at 0 -1.82) (layer F.SilkS) hide
      (effects (font (size 1 1) (thickness 0.15)))
    )
    (fp_text value 100n (at 0 1.82) (layer F.Fab)
      (effects (font (size 1 1) (thickness 0.15)))
    )
    (fp_line (start -1.6 0.8) (end -1.6 -0.8) (layer F.Fab) (width 0.1))
    (fp_line (start -1.6 -0.8) (end 1.6 -0.8) (layer F.Fab) (width 0.1))
    (fp_line (start 1.6 -0.8) (end 1.6 0.8) (layer F.Fab) (width 0.1))
    (fp_line (start 1.6 0.8) (end -1.6 0.8) (layer F.Fab) (width 0.1))
    (fp_line (start -0.602064 -0.91) (end 0.602064 -0.91) (layer F.SilkS) (width 0.12))
    (fp_line (start -0.602064 0.91) (end 0.602064 0.91) (layer F.SilkS) (width 0.12))
    (fp_line (start -2.45 1.12) (end -2.45 -1.12) (layer F.CrtYd) (width 0.05))
    (fp_line (start -2.45 -1.12) (end 2.45 -1.12) (layer F.CrtYd) (width 0.05))
    (fp_line (start 2.45 -1.12) (end 2.45 1.12) (layer F.CrtYd) (width 0.05))
    (fp_line (start 2.45 1.12) (end -2.45 1.12) (layer F.CrtYd) (width 0.05))
    (fp_text user %R (at 0 0) (layer F.Fab)
      (effects (font (size 0.8 0.8) (thickness 0.12)))
    )
    (pad 1 smd roundrect (at -1.4875 0 180) (size 1.425 1.75) (layers F.Cu F.Paste F.Mask) (roundrect_rratio 0.175439)
      (net 2 Earth))
    (pad 2 smd roundrect (at 1.4875 0 180) (size 1.425 1.75) (layers F.Cu F.Paste F.Mask) (roundrect_rratio 0.175439)
      (net 5 /12VDC))
    (model ${KISYS3DMOD}/Capacitor_SMD.3dshapes/C_1206_3216Metric.wrl
      (at (xyz 0 0 0))
      (scale (xyz 1 1 1))
      (rotate (xyz 0 0 0))
    )
  )

  (module Capacitor_SMD:C_1206_3216Metric_Pad1.42x1.75mm_HandSolder (layer F.Cu) (tedit 5B301BBE) (tstamp 6071BFC6)
    (at 175.4 107.9 180)
    (descr "Capacitor SMD 1206 (3216 Metric), square (rectangular) end terminal, IPC_7351 nominal with elongated pad for handsoldering. (Body size source: http://www.tortai-tech.com/upload/download/2011102023233369053.pdf), generated with kicad-footprint-generator")
    (tags "capacitor handsolder")
    (path /5F42FE6E)
    (attr smd)
    (fp_text reference C5 (at 0 -1.82) (layer F.SilkS) hide
      (effects (font (size 1 1) (thickness 0.15)))
    )
    (fp_text value 100n (at 0 1.82) (layer F.Fab)
      (effects (font (size 1 1) (thickness 0.15)))
    )
    (fp_text user %R (at 0 0) (layer F.Fab)
      (effects (font (size 0.8 0.8) (thickness 0.12)))
    )
    (fp_line (start 2.45 1.12) (end -2.45 1.12) (layer F.CrtYd) (width 0.05))
    (fp_line (start 2.45 -1.12) (end 2.45 1.12) (layer F.CrtYd) (width 0.05))
    (fp_line (start -2.45 -1.12) (end 2.45 -1.12) (layer F.CrtYd) (width 0.05))
    (fp_line (start -2.45 1.12) (end -2.45 -1.12) (layer F.CrtYd) (width 0.05))
    (fp_line (start -0.602064 0.91) (end 0.602064 0.91) (layer F.SilkS) (width 0.12))
    (fp_line (start -0.602064 -0.91) (end 0.602064 -0.91) (layer F.SilkS) (width 0.12))
    (fp_line (start 1.6 0.8) (end -1.6 0.8) (layer F.Fab) (width 0.1))
    (fp_line (start 1.6 -0.8) (end 1.6 0.8) (layer F.Fab) (width 0.1))
    (fp_line (start -1.6 -0.8) (end 1.6 -0.8) (layer F.Fab) (width 0.1))
    (fp_line (start -1.6 0.8) (end -1.6 -0.8) (layer F.Fab) (width 0.1))
    (pad 2 smd roundrect (at 1.4875 0 180) (size 1.425 1.75) (layers F.Cu F.Paste F.Mask) (roundrect_rratio 0.175439)
      (net 2 Earth))
    (pad 1 smd roundrect (at -1.4875 0 180) (size 1.425 1.75) (layers F.Cu F.Paste F.Mask) (roundrect_rratio 0.175439)
      (net 5 /12VDC))
    (model ${KISYS3DMOD}/Capacitor_SMD.3dshapes/C_1206_3216Metric.wrl
      (at (xyz 0 0 0))
      (scale (xyz 1 1 1))
      (rotate (xyz 0 0 0))
    )
  )

  (module Capacitor_SMD:C_1206_3216Metric_Pad1.42x1.75mm_HandSolder (layer F.Cu) (tedit 5B301BBE) (tstamp 6071BFE8)
    (at 184.1 109.9 180)
    (descr "Capacitor SMD 1206 (3216 Metric), square (rectangular) end terminal, IPC_7351 nominal with elongated pad for handsoldering. (Body size source: http://www.tortai-tech.com/upload/download/2011102023233369053.pdf), generated with kicad-footprint-generator")
    (tags "capacitor handsolder")
    (path /5E4B5935)
    (attr smd)
    (fp_text reference C7 (at 0 -1.82) (layer F.SilkS) hide
      (effects (font (size 1 1) (thickness 0.15)))
    )
    (fp_text value 33u (at 0 1.82) (layer F.Fab)
      (effects (font (size 1 1) (thickness 0.15)))
    )
    (fp_text user %R (at 0 0) (layer F.Fab)
      (effects (font (size 0.8 0.8) (thickness 0.12)))
    )
    (fp_line (start 2.45 1.12) (end -2.45 1.12) (layer F.CrtYd) (width 0.05))
    (fp_line (start 2.45 -1.12) (end 2.45 1.12) (layer F.CrtYd) (width 0.05))
    (fp_line (start -2.45 -1.12) (end 2.45 -1.12) (layer F.CrtYd) (width 0.05))
    (fp_line (start -2.45 1.12) (end -2.45 -1.12) (layer F.CrtYd) (width 0.05))
    (fp_line (start -0.602064 0.91) (end 0.602064 0.91) (layer F.SilkS) (width 0.12))
    (fp_line (start -0.602064 -0.91) (end 0.602064 -0.91) (layer F.SilkS) (width 0.12))
    (fp_line (start 1.6 0.8) (end -1.6 0.8) (layer F.Fab) (width 0.1))
    (fp_line (start 1.6 -0.8) (end 1.6 0.8) (layer F.Fab) (width 0.1))
    (fp_line (start -1.6 -0.8) (end 1.6 -0.8) (layer F.Fab) (width 0.1))
    (fp_line (start -1.6 0.8) (end -1.6 -0.8) (layer F.Fab) (width 0.1))
    (pad 2 smd roundrect (at 1.4875 0 180) (size 1.425 1.75) (layers F.Cu F.Paste F.Mask) (roundrect_rratio 0.175439)
      (net 3 +3V3))
    (pad 1 smd roundrect (at -1.4875 0 180) (size 1.425 1.75) (layers F.Cu F.Paste F.Mask) (roundrect_rratio 0.175439)
      (net 2 Earth))
    (model ${KISYS3DMOD}/Capacitor_SMD.3dshapes/C_1206_3216Metric.wrl
      (at (xyz 0 0 0))
      (scale (xyz 1 1 1))
      (rotate (xyz 0 0 0))
    )
  )

  (module smart-plug:ME3220 (layer F.Cu) (tedit 5E0E22A3) (tstamp 6071C019)
    (at 179.8 109.6 90)
    (path /5E4B3B68)
    (fp_text reference L1 (at 0 2.8 90) (layer F.SilkS) hide
      (effects (font (size 1 1) (thickness 0.15)))
    )
    (fp_text value "ME3220 12u" (at 0 -2.7 90) (layer F.Fab)
      (effects (font (size 1 1) (thickness 0.15)))
    )
    (fp_line (start 2.2 1.8) (end 2.2 -1.8) (layer F.CrtYd) (width 0.05))
    (fp_line (start 2.1 1.7) (end 2.1 -1.7) (layer F.SilkS) (width 0.12))
    (fp_line (start 2.1 -1.7) (end -2.1 -1.7) (layer F.SilkS) (width 0.12))
    (fp_line (start -2.1 -1.7) (end -2.1 1.7) (layer F.SilkS) (width 0.12))
    (fp_line (start -2.1 1.7) (end 2.1 1.7) (layer F.SilkS) (width 0.12))
    (fp_line (start 2.2 -1.8) (end -2.2 -1.8) (layer F.CrtYd) (width 0.05))
    (fp_line (start -2.2 -1.8) (end -2.2 1.8) (layer F.CrtYd) (width 0.05))
    (fp_line (start -2.2 1.8) (end 2.2 1.8) (layer F.CrtYd) (width 0.05))
    (pad 1 smd rect (at -1.145 0 90) (size 1.52 3.05) (layers F.Cu F.Paste F.Mask)
      (net 20 "Net-(C6-Pad2)"))
    (pad 2 smd rect (at 1.145 0 90) (size 1.52 3.05) (layers F.Cu F.Paste F.Mask)
      (net 3 +3V3))
  )

  (module Package_TO_SOT_SMD:TO-252-2 (layer F.Cu) (tedit 5A70A390) (tstamp 6071C03D)
    (at 163 89.85 90)
    (descr "TO-252 / DPAK SMD package, http://www.infineon.com/cms/en/product/packages/PG-TO252/PG-TO252-3-1/")
    (tags "DPAK TO-252 DPAK-3 TO-252-3 SOT-428")
    (path /5E46A552)
    (attr smd)
    (fp_text reference Q1 (at 1.6 -4.75) (layer F.SilkS) hide
      (effects (font (size 1 1) (thickness 0.15)))
    )
    (fp_text value STGD5NB120SZ (at 0 4.5 90) (layer F.Fab)
      (effects (font (size 1 1) (thickness 0.15)))
    )
    (fp_line (start 3.95 -2.7) (end 4.95 -2.7) (layer F.Fab) (width 0.1))
    (fp_line (start 4.95 -2.7) (end 4.95 2.7) (layer F.Fab) (width 0.1))
    (fp_line (start 4.95 2.7) (end 3.95 2.7) (layer F.Fab) (width 0.1))
    (fp_line (start 3.95 -3.25) (end 3.95 3.25) (layer F.Fab) (width 0.1))
    (fp_line (start 3.95 3.25) (end -2.27 3.25) (layer F.Fab) (width 0.1))
    (fp_line (start -2.27 3.25) (end -2.27 -2.25) (layer F.Fab) (width 0.1))
    (fp_line (start -2.27 -2.25) (end -1.27 -3.25) (layer F.Fab) (width 0.1))
    (fp_line (start -1.27 -3.25) (end 3.95 -3.25) (layer F.Fab) (width 0.1))
    (fp_line (start -1.865 -2.655) (end -4.97 -2.655) (layer F.Fab) (width 0.1))
    (fp_line (start -4.97 -2.655) (end -4.97 -1.905) (layer F.Fab) (width 0.1))
    (fp_line (start -4.97 -1.905) (end -2.27 -1.905) (layer F.Fab) (width 0.1))
    (fp_line (start -2.27 1.905) (end -4.97 1.905) (layer F.Fab) (width 0.1))
    (fp_line (start -4.97 1.905) (end -4.97 2.655) (layer F.Fab) (width 0.1))
    (fp_line (start -4.97 2.655) (end -2.27 2.655) (layer F.Fab) (width 0.1))
    (fp_line (start -0.97 -3.45) (end -2.47 -3.45) (layer F.SilkS) (width 0.12))
    (fp_line (start -2.47 -3.45) (end -2.47 -3.18) (layer F.SilkS) (width 0.12))
    (fp_line (start -2.47 -3.18) (end -5.3 -3.18) (layer F.SilkS) (width 0.12))
    (fp_line (start -0.97 3.45) (end -2.47 3.45) (layer F.SilkS) (width 0.12))
    (fp_line (start -2.47 3.45) (end -2.47 3.18) (layer F.SilkS) (width 0.12))
    (fp_line (start -2.47 3.18) (end -3.57 3.18) (layer F.SilkS) (width 0.12))
    (fp_line (start -5.55 -3.5) (end -5.55 3.5) (layer F.CrtYd) (width 0.05))
    (fp_line (start -5.55 3.5) (end 5.55 3.5) (layer F.CrtYd) (width 0.05))
    (fp_line (start 5.55 3.5) (end 5.55 -3.5) (layer F.CrtYd) (width 0.05))
    (fp_line (start 5.55 -3.5) (end -5.55 -3.5) (layer F.CrtYd) (width 0.05))
    (fp_text user %R (at 0 0 90) (layer F.Fab)
      (effects (font (size 1 1) (thickness 0.15)))
    )
    (pad 1 smd rect (at -4.2 -2.28 90) (size 2.2 1.2) (layers F.Cu F.Paste F.Mask)
      (net 6 "Net-(Q1-Pad1)"))
    (pad 3 smd rect (at -4.2 2.28 90) (size 2.2 1.2) (layers F.Cu F.Paste F.Mask)
      (net 5 /12VDC))
    (pad 2 smd rect (at 2.1 0 90) (size 6.4 5.8) (layers F.Cu F.Mask)
      (net 10 "Net-(D1-Pad1)"))
    (pad "" smd rect (at 3.775 1.525 90) (size 3.05 2.75) (layers F.Paste))
    (pad "" smd rect (at 0.425 -1.525 90) (size 3.05 2.75) (layers F.Paste))
    (pad "" smd rect (at 3.775 -1.525 90) (size 3.05 2.75) (layers F.Paste))
    (pad "" smd rect (at 0.425 1.525 90) (size 3.05 2.75) (layers F.Paste))
    (model ${KISYS3DMOD}/Package_TO_SOT_SMD.3dshapes/TO-252-2.wrl
      (at (xyz 0 0 0))
      (scale (xyz 1 1 1))
      (rotate (xyz 0 0 0))
    )
  )

  (module Package_TO_SOT_SMD:TO-263-2 (layer F.Cu) (tedit 5A70FB7B) (tstamp 6071C061)
    (at 185.55 93.125 270)
    (descr "TO-263 / D2PAK / DDPAK SMD package, http://www.infineon.com/cms/en/product/packages/PG-TO263/PG-TO263-3-1/")
    (tags "D2PAK DDPAK TO-263 D2PAK-3 TO-263-3 SOT-404")
    (path /5E1784C7)
    (attr smd)
    (fp_text reference Q2 (at 0 -6.65 90) (layer F.SilkS) hide
      (effects (font (size 1 1) (thickness 0.15)))
    )
    (fp_text value BTA316B-600E (at 0 6.65 90) (layer F.Fab)
      (effects (font (size 1 1) (thickness 0.15)))
    )
    (fp_line (start 6.5 -5) (end 7.5 -5) (layer F.Fab) (width 0.1))
    (fp_line (start 7.5 -5) (end 7.5 5) (layer F.Fab) (width 0.1))
    (fp_line (start 7.5 5) (end 6.5 5) (layer F.Fab) (width 0.1))
    (fp_line (start 6.5 -5) (end 6.5 5) (layer F.Fab) (width 0.1))
    (fp_line (start 6.5 5) (end -2.75 5) (layer F.Fab) (width 0.1))
    (fp_line (start -2.75 5) (end -2.75 -4) (layer F.Fab) (width 0.1))
    (fp_line (start -2.75 -4) (end -1.75 -5) (layer F.Fab) (width 0.1))
    (fp_line (start -1.75 -5) (end 6.5 -5) (layer F.Fab) (width 0.1))
    (fp_line (start -2.75 -3.04) (end -7.45 -3.04) (layer F.Fab) (width 0.1))
    (fp_line (start -7.45 -3.04) (end -7.45 -2.04) (layer F.Fab) (width 0.1))
    (fp_line (start -7.45 -2.04) (end -2.75 -2.04) (layer F.Fab) (width 0.1))
    (fp_line (start -2.75 2.04) (end -7.45 2.04) (layer F.Fab) (width 0.1))
    (fp_line (start -7.45 2.04) (end -7.45 3.04) (layer F.Fab) (width 0.1))
    (fp_line (start -7.45 3.04) (end -2.75 3.04) (layer F.Fab) (width 0.1))
    (fp_line (start -1.45 -5.2) (end -2.95 -5.2) (layer F.SilkS) (width 0.12))
    (fp_line (start -2.95 -5.2) (end -2.95 -3.39) (layer F.SilkS) (width 0.12))
    (fp_line (start -2.95 -3.39) (end -8.075 -3.39) (layer F.SilkS) (width 0.12))
    (fp_line (start -1.45 5.2) (end -2.95 5.2) (layer F.SilkS) (width 0.12))
    (fp_line (start -2.95 5.2) (end -2.95 3.39) (layer F.SilkS) (width 0.12))
    (fp_line (start -2.95 3.39) (end -4.05 3.39) (layer F.SilkS) (width 0.12))
    (fp_line (start -8.32 -5.65) (end -8.32 5.65) (layer F.CrtYd) (width 0.05))
    (fp_line (start -8.32 5.65) (end 8.32 5.65) (layer F.CrtYd) (width 0.05))
